var bray_curtis_matrix = [
    [0.0, 0.827125717267, 0.89415753782, 0.94475743349, 0.941001564945, 0.391810119979, 0.828429838289, 0.865466875326, 0.925299947835, 0.936776212833, 0.20641627543, 0.796452790819, 0.878821074596, 0.937297861242, 0.943192488263],
    [0.827125717267, 0.0, 0.894887845592, 0.959572248305, 0.899687010955, 0.80985915493, 0.392801251956, 0.881116327595, 0.920187793427, 0.909181011998, 0.811424100156, 0.272926447574, 0.896557120501, 0.943974960876, 0.901304121022],
    [0.89415753782, 0.894887845592, 0.0, 0.886802295253, 0.860876369327, 0.886280646844, 0.8790818988, 0.221804903495, 0.86510172144, 0.884246218049, 0.888732394366, 0.875169535733, 0.106207616067, 0.878664580073, 0.871361502347],
    [0.94475743349, 0.959572248305, 0.886802295253, 0.0, 0.934376630151, 0.942618675013, 0.94533124674, 0.891131977047, 0.200625978091, 0.917005738132, 0.938810641628, 0.946844027126, 0.883046426708, 0.185080855503, 0.941679707877],
    [0.941001564945, 0.899687010955, 0.860876369327, 0.934376630151, 0.0, 0.922900365154, 0.863223787167, 0.855294731351, 0.91804903495, 0.334846113719, 0.935785080856, 0.865049556599, 0.857120500782, 0.927438706312, 0.135785080856],
    [0.391810119979, 0.80985915493, 0.886280646844, 0.942618675013, 0.922900365154, 0.0, 0.720865936359, 0.829420970266, 0.902660406886, 0.893844548774, 0.245383411581, 0.765362545644, 0.877464788732, 0.928951486698, 0.915336463224],
    [0.828429838289, 0.392801251956, 0.8790818988, 0.94533124674, 0.863223787167, 0.720865936359, 0.0, 0.829525299948, 0.890505998957, 0.851851851852, 0.791444966093, 0.219979134064, 0.880490349504, 0.926917057903, 0.854303599374],
    [0.865466875326, 0.881116327595, 0.221804903495, 0.891131977047, 0.855294731351, 0.829420970266, 0.829525299948, 0.0, 0.868492436098, 0.861711006781, 0.843505477308, 0.844287949922, 0.175743348983, 0.881846635368, 0.850078247261],
    [0.925299947835, 0.920187793427, 0.86510172144, 0.200625978091, 0.91804903495, 0.902660406886, 0.890505998957, 0.868492436098, 0.0, 0.902556077204, 0.913823682838, 0.897287428273, 0.861189358372, 0.118257694314, 0.927647365676],
    [0.936776212833, 0.909181011998, 0.884246218049, 0.917005738132, 0.334846113719, 0.893844548774, 0.851851851852, 0.861711006781, 0.902556077204, 0.0, 0.913406364111, 0.878038601982, 0.877464788732, 0.912728221179, 0.272978612415],
    [0.20641627543, 0.811424100156, 0.888732394366, 0.938810641628, 0.935785080856, 0.245383411581, 0.791444966093, 0.843505477308, 0.913823682838, 0.913406364111, 0.0, 0.772143974961, 0.871100678143, 0.92733437663, 0.929003651539],
    [0.796452790819, 0.272926447574, 0.875169535733, 0.946844027126, 0.865049556599, 0.765362545644, 0.219979134064, 0.844287949922, 0.897287428273, 0.878038601982, 0.772143974961, 0.0, 0.868961919666, 0.928742827334, 0.865884194053],
    [0.878821074596, 0.896557120501, 0.106207616067, 0.883046426708, 0.857120500782, 0.877464788732, 0.880490349504, 0.175743348983, 0.861189358372, 0.877464788732, 0.871100678143, 0.868961919666, 0.0, 0.874074074074, 0.864684402713],
    [0.937297861242, 0.943974960876, 0.878664580073, 0.185080855503, 0.927438706312, 0.928951486698, 0.926917057903, 0.881846635368, 0.118257694314, 0.912728221179, 0.92733437663, 0.928742827334, 0.874074074074, 0.0, 0.934637454356],
    [0.943192488263, 0.901304121022, 0.871361502347, 0.941679707877, 0.135785080856, 0.915336463224, 0.854303599374, 0.850078247261, 0.927647365676, 0.272978612415, 0.929003651539, 0.865884194053, 0.864684402713, 0.934637454356, 0.0]
];

var weighted_unifrac_matrix = [
    [0.0, 0.564526811851, 0.558205870379, 0.716708796017, 0.572617298278, 0.31667787294, 0.459069831361, 0.496708562227, 0.634823980913, 0.470858008902, 0.149635025651, 0.442009118315, 0.544296859272, 0.651936428537, 0.520166736107],
    [0.564526811851, 0.0, 0.248575393348, 0.444898753392, 0.228851118617, 0.620613023265, 0.30384856838, 0.211639548265, 0.353755262058, 0.324989340848, 0.574414133968, 0.204536995731, 0.225588837119, 0.379589677498, 0.190095252542],
    [0.558205870379, 0.248575393348, 0.0, 0.37466889885, 0.175911724569, 0.649373692202, 0.411064962491, 0.149857133701, 0.347104483829, 0.33356055359, 0.589384642312, 0.331071330621, 0.0471054458745, 0.35655838242, 0.178669533844],
    [0.716708796017, 0.444898753392, 0.37466889885, 0.0, 0.337825094003, 0.7358652873, 0.54909503148, 0.406868108037, 0.180663191505, 0.430731692277, 0.727811765362, 0.520549556617, 0.368040714821, 0.185732484938, 0.415960536555],
    [0.572617298278, 0.228851118617, 0.175911724569, 0.337825094003, 0.0, 0.630619037076, 0.395125481921, 0.214811877933, 0.348840242617, 0.241008338261, 0.590670406935, 0.335102301745, 0.187683279855, 0.363780841803, 0.102001778376],
    [0.31667787294, 0.620613023265, 0.649373692202, 0.7358652873, 0.630619037076, 0.0, 0.412733417183, 0.532495955626, 0.630542764296, 0.488877589971, 0.181400766521, 0.480320673367, 0.617201535576, 0.650513564835, 0.580443563195],
    [0.459069831361, 0.30384856838, 0.411064962491, 0.54909503148, 0.395125481921, 0.412733417183, 0.0, 0.30669380208, 0.41108193422, 0.293101342575, 0.418699498867, 0.129079611474, 0.379020337961, 0.459428970831, 0.336388950196],
    [0.496708562227, 0.211639548265, 0.149857133701, 0.406868108037, 0.214811877933, 0.532495955626, 0.30669380208, 0.0, 0.31571431173, 0.229040813336, 0.501190080671, 0.244380267548, 0.112004614556, 0.336101757808, 0.13672319508],
    [0.634823980913, 0.353755262058, 0.347104483829, 0.180663191505, 0.348840242617, 0.630542764296, 0.41108193422, 0.31571431173, 0.0, 0.3505536741, 0.633772538228, 0.394655259696, 0.320236984494, 0.070821001404, 0.339750964236],
    [0.470858008902, 0.324989340848, 0.33356055359, 0.430731692277, 0.241008338261, 0.488877589971, 0.293101342575, 0.229040813336, 0.3505536741, 0.0, 0.477204372395, 0.268353627575, 0.316075256985, 0.380981613483, 0.184831438194],
    [0.149635025651, 0.574414133968, 0.589384642312, 0.727811765362, 0.590670406935, 0.181400766521, 0.418699498867, 0.501190080671, 0.633772538228, 0.477204372395, 0.0, 0.445487159764, 0.566149123784, 0.64899304685, 0.534746605886],
    [0.442009118315, 0.204536995731, 0.331071330621, 0.520549556617, 0.335102301745, 0.480320673367, 0.129079611474, 0.244380267548, 0.394655259696, 0.268353627575, 0.445487159764, 0.0, 0.302100309229, 0.432506566792, 0.264682983181],
    [0.544296859272, 0.225588837119, 0.0471054458745, 0.368040714821, 0.187683279855, 0.617201535576, 0.379020337961, 0.112004614556, 0.320236984494, 0.316075256985, 0.566149123784, 0.302100309229, 0.0, 0.329219866739, 0.178635687405],
    [0.651936428537, 0.379589677498, 0.35655838242, 0.185732484938, 0.363780841803, 0.650513564835, 0.459428970831, 0.336101757808, 0.070821001404, 0.380981613483, 0.64899304685, 0.432506566792, 0.329219866739, 0.0, 0.364411263958],
    [0.520166736107, 0.190095252542, 0.178669533844, 0.415960536555, 0.102001778376, 0.580443563195, 0.336388950196, 0.13672319508, 0.339750964236, 0.184831438194, 0.534746605886, 0.264682983181, 0.178635687405, 0.364411263958, 0.0]
];

var unweighted_unifrac_matrix = [
    [0.0, 0.616617069278, 0.704743005404, 0.689102135629, 0.750928161106, 0.385456054414, 0.612634980221, 0.696904552507, 0.662905327178, 0.763315281868, 0.37641564344, 0.593102060701, 0.71400719585, 0.700100138058, 0.760573164857],
    [0.616617069278, 0.0, 0.63576909147, 0.691097668347, 0.650202707435, 0.614088204522, 0.370424953042, 0.631733008508, 0.650186418978, 0.660979841097, 0.590862144287, 0.396169946295, 0.650385798588, 0.692416327162, 0.667352139411],
    [0.704743005404, 0.63576909147, 0.0, 0.651858795467, 0.554613399334, 0.681510413276, 0.630027773204, 0.334776293617, 0.581567746248, 0.586448554497, 0.673923607293, 0.641688053621, 0.281350357989, 0.643122586275, 0.5786880204],
    [0.689102135629, 0.691097668347, 0.651858795467, 0.0, 0.715595314535, 0.630371858431, 0.649956599491, 0.604660920688, 0.264889502963, 0.69364877594, 0.646530685344, 0.657037055009, 0.623554361286, 0.236032243521, 0.721145452951],
    [0.750928161106, 0.650202707435, 0.554613399334, 0.715595314535, 0.0, 0.720052274459, 0.649441244995, 0.585352092822, 0.674131348271, 0.305047708476, 0.714712101937, 0.678713294243, 0.573135919351, 0.732038194289, 0.234131319802],
    [0.385456054414, 0.614088204522, 0.681510413276, 0.630371858431, 0.720052274459, 0.0, 0.570966717873, 0.64609345142, 0.598006045821, 0.727532784882, 0.276747896833, 0.544315473179, 0.669155648124, 0.642452784333, 0.723356077102],
    [0.612634980221, 0.370424953042, 0.630027773204, 0.649956599491, 0.649441244995, 0.570966717873, 0.0, 0.603760780377, 0.602783014254, 0.638984365804, 0.553266761388, 0.311251988342, 0.636957174014, 0.642939017842, 0.618183656633],
    [0.696904552507, 0.631733008508, 0.334776293617, 0.604660920688, 0.585352092822, 0.64609345142, 0.603760780377, 0.0, 0.571576346055, 0.557617706656, 0.666340367374, 0.642163246123, 0.28577433642, 0.606482255248, 0.592926215211],
    [0.662905327178, 0.650186418978, 0.581567746248, 0.264889502963, 0.674131348271, 0.598006045821, 0.602783014254, 0.571576346055, 0.0, 0.665209445958, 0.604827463894, 0.619381380109, 0.580046322703, 0.264041844439, 0.673591048307],
    [0.763315281868, 0.660979841097, 0.586448554497, 0.69364877594, 0.305047708476, 0.727532784882, 0.638984365804, 0.557617706656, 0.665209445958, 0.0, 0.73367183349, 0.687274864769, 0.549753114294, 0.710590934753, 0.27791107705],
    [0.37641564344, 0.590862144287, 0.673923607293, 0.646530685344, 0.714712101937, 0.276747896833, 0.553266761388, 0.666340367374, 0.604827463894, 0.73367183349, 0.0, 0.530911957385, 0.678324889978, 0.655026340268, 0.720626831057],
    [0.593102060701, 0.396169946295, 0.641688053621, 0.657037055009, 0.678713294243, 0.544315473179, 0.311251988342, 0.642163246123, 0.619381380109, 0.687274864769, 0.530911957385, 0.0, 0.654455177831, 0.653137413996, 0.681472880272],
    [0.71400719585, 0.650385798588, 0.281350357989, 0.623554361286, 0.573135919351, 0.669155648124, 0.636957174014, 0.28577433642, 0.580046322703, 0.549753114294, 0.678324889978, 0.654455177831, 0.0, 0.626242264914, 0.582388963648],
    [0.700100138058, 0.692416327162, 0.643122586275, 0.236032243521, 0.732038194289, 0.642452784333, 0.642939017842, 0.606482255248, 0.264041844439, 0.710590934753, 0.655026340268, 0.653137413996, 0.626242264914, 0.0, 0.732478215814],
    [0.760573164857, 0.667352139411, 0.5786880204, 0.721145452951, 0.234131319802, 0.723356077102, 0.618183656633, 0.592926215211, 0.673591048307, 0.27791107705, 0.720626831057, 0.681472880272, 0.582388963648, 0.732478215814, 0.0]
];

